 -7.61003516e-01 -1.21244498e+00 -1.01871305e-01 -2.36850085e+00 -1.05778129e+00 -2.20823629e+00 5.63838342e-01 1.21105294e+00 2.21030997e+00 4.44561562e-01 -1.18244872e+00 1.04289112e+00 -1.60558756e+00 1.30419943e+00 1.37175046e+00 1.74825095e+00 -2.33656483e-01 -1.52014483e+00 1.15324176e+00 1.03680823e-01 -3.72077187e-01 -6.15300188e-01 -1.25683600e-01 -2.27193038e+00 -7.18362083e-01 -1.29690315e+00
 -6.17851763e-01 6.15592068e-01 -1.26550639e+00 1.85745418e+00 -9.18533195e-01 -5.50258925e-02 -3.85898063e-01 1.29520853e+00 -1.56843297e+00 -9.70264194e-01 -2.18334895e+00 -2.85033578e+00 -2.07733086e+00 1.63163164e+00 3.49022897e-01 1.82789117e+00 -2.44174379e+00 -8.56303397e-01 -2.98256403e-01 -2.07947873e+00 -1.29332380e+00 8.99820317e-01 2.83065775e-01 2.31180525e+00 -2.46444086e+00 1.45656548e+00
 -6.89340719e-01 -1.94538151e+00 2.01360618e+00 -3.12316188e+00 -2.36176300e-01 1.38680947e+00 9.09824289e-01 -1.54774416e+00 -7.98308965e-01 -6.55998337e-01 7.35383301e-01 -2.58593294e+00 4.72108393e-01 5.53494986e-01 2.51255453e+00 -2.41674540e+00 -1.63898627e+00 1.20273020e+00 -1.20245851e+00 -1.83445959e+00 -1.88013027e+00 -3.40560984e-01 2.36924833e-01 -1.06137919e+00 1.02759232e+00 -4.76908317e-01
 -6.78324787e-01 4.62992265e-01 5.84923205e-01 -1.65018400e-01 1.93264192e+00 -2.29657653e-01 -1.84731492e+00 4.90117676e-01 1.07146054e+00 -3.31905643e+00 1.54113507e+00 3.73719472e-01 -8.64846812e-01 -2.58273522e+00 9.70624467e-01 -5.10218670e-01 -6.84278969e-01 -1.64713607e+00 2.11531448e-01 -2.74224419e-01 1.72599755e+00 1.32418658e+00 -2.63984479e+00 -8.05587099e-02 -2.03510803e+00 -1.46123776e+00
 -5.96643390e-01 -2.04481799e+00 2.05698407e+00 1.95100909e+00 1.76376991e-01 -2.16141218e+00 -4.03947362e-01 1.80157532e+00 -1.56278739e+00 -2.52530039e-01 2.35864970e-01 7.16566988e-01 1.07689092e+00 -3.54572787e-01 -1.67743058e+00 -1.29392547e-01 -6.74888488e-01 1.14066535e+00 1.32431237e+00 3.21158484e+00 -2.15888898e+00 -2.60164082e+00 -3.22264660e+00 -1.89612906e+00 -8.74880685e-01 2.51038628e+00
 -8.77949067e-01 4.34411202e-01 -9.31610491e-01 1.83907777e-01 -3.60782161e-01 6.19581374e-01 3.86249482e-01 -2.65150343e+00 2.29710773e+00 -2.08818098e+00 -1.86382323e+00 1.06057836e+00 7.75621465e-01 2.13468610e+00 -1.14973702e+00 -5.20814261e-01 9.97434287e-01 -1.48309353e+00 -2.31394240e+00 2.95173331e-01 -3.87048790e-01 -2.20607697e+00 3.07021908e-01 -1.17646114e+00 -1.63462966e+00 -8.24676614e-01
 -5.27465273e-01 1.21564288e+00 -1.50095981e+00 -2.03195359e+00 -1.52366734e+00 -2.43732079e+00 -2.37570311e+00 -1.39987277e+00 -8.87353145e-01 -6.32788729e-01 1.50450176e+00 -1.58076300e+00 5.85992166e-01 -7.75404162e-01 9.42573306e-01 2.10919653e+00 5.44791319e-01 4.37736116e-01 -1.28024228e+00 -4.36099352e-02 1.47749970e+00 -1.13276949e+00 -7.28469041e-01 4.73471629e-02 1.65745660e+00 1.68540944e+00
 -7.49015401e-01 -7.22490561e-01 -3.15228173e+00 3.65777783e-01 1.98113623e-01 -7.30599456e-01 1.65263918e+00 -2.30035700e+00 -1.87468162e+00 9.80953869e-01 -1.58825159e+00 1.35434142e+00 2.17895331e+00 -1.99239762e+00 -2.00371362e+00 -3.88613000e-01 -2.33992976e+00 -2.91719062e+00 9.93986454e-01 -2.70476768e+00 -1.27139772e+00 1.86091461e+00 -1.20519404e+00 -3.80141945e-01 7.08718101e-01 -2.11014003e+00
 -6.66546803e-01 5.36018446e-01 1.30307573e+00 -1.03372714e+00 -4.03084753e+00 5.81734690e-01 -2.65717902e+00 8.03799938e-01 -1.09241928e+00 2.49910058e+00 3.62007999e-01 6.61953372e-01 -9.21605341e-01 -8.31236656e-01 -2.00200952e+00 -2.94897501e+00 6.45642021e-01 -1.10114694e+00 7.45103089e-01 5.85067171e-01 -1.99545251e+00 6.25911045e-01 1.80596103e+00 -2.23093151e-01 -1.40442136e+00 -2.13191530e+00
 -4.60891191e-01 -1.43944954e+00 -1.21809509e+00 7.10930110e-01 4.52169193e-01 -3.59533808e-01 6.22849545e-01 -6.70052968e-01 -7.06913800e-01 6.31135077e-02 -1.23199074e+00 -1.74645233e+00 -2.71960897e+00 -2.21437178e+00 -1.69307505e+00 -9.09273941e-01 8.78523108e-01 1.18664814e+00 -1.87041262e+00 3.97962951e-01 1.72113872e+00 -1.36934055e+00 8.58066801e-01 -2.47795788e-01 1.28009118e+00 -1.32752042e+00
